1980,	7.099999905,	5.900000095,	2.200000048,2
1981,	7.599999905,	7,	2.799999952,2.3
1982,	9.699999809,	8.100000381,	3.5,2.3
1983,	9.600000381,	11.5,	3.900000095,2.7
1984,	7.5,	12.89999962,	3.5,2.7
1985,	7.199999809,	13.19999981,	3.099999905,2.6
1986,	7,	10.89999962,	2.799999952,2.8
1987,	6.199999809,	9.100000381,	2.299999952,2.9
1988,	5.5,	7.300000191,	1.899999976,2.5
1989,	5.300000191,	9.699999809,	1.600000024,2.2
1990,	5.599999905,	10.30000019,	1.799999952,2.1
1991,	6.800000191,	9.5,	3.200000048,2.1
1992,	7.5,	7.699999809,	5.699999809,2.2
1993,	6.900000095,	6.699999809,	9.300000191,2.5
1994,	6.099999905,	8.600000381,	9.600000381,2.9
1995,	5.599999905,	10.19999981,	9.100000381,3.2
1996,	5.400000095,	12.39999962,	9.899999619,3.4
1997,	4.900000095,	10.60000038,	10,3.4
1998,	4.5,	11,	8.300000191,4.1
1999,	4.199999809,	14.5,	7.099999905,4.7
2000,	4,	13.19999981,	5.800000191,4.8
2001,	4.699999809,	12.80000019,	5,5
2002,	5.800000191,	16.20000076,	5.199999809,5.4
2003,	6,	16.79999924,	5.800000191,5.2
2004,	5.5,	15,	6.5,4.7
2005,	5.099999905,	11.39999962,	7.699999809,4.4
2006,	4.599999905,	9.300000191,	7,4.1
2007,	4.599999905,	7.5,	6.099999905,3.9
2008,	5.800000191,	6.900000095,	6.099999905,4
2009,	9.300000191,	7.800000191,	8.300000191,5
2010,	9.600000381,	8.600000381,	8.399999619,5
2011,	8.899999619,	8.300000191,	7.5,4.5
